(0, 0): 0

(1, 0): 1

(2, 0): 2
(1, 1): 0

(3, 0): 3
(2, 1): 3

(4, 0): 4
(3, 1): 4
(2, 2): 0

(5, 0): 5
(4, 1): 5
    (3, 2): 1

(6, 0): 6
(5, 1): 6
(4, 2): 6
(3, 3): 0

(7, 0): 7
(6, 1): 7
(5, 2): 7
    (4, 3): 2

(8, 0): 8
(7, 1): 8
(6, 2): 8
(5, 3): 8
    (4, 4): 0

(9, 0): 9
(8, 1): 9
(7, 2): 9
(6, 3): 9
    (5, 4): 1

(10, 0): 10
(9, 1): 10
(8, 2): 10
(7, 3): 10
    (6, 4): 3
    (5, 5): 0

(11, 0): 11
(10, 1): 11
(9, 2): 11
(8, 3): 11
(7, 4): 11
    (6, 5): 2

(12, 0): 12
(11, 1): 12
(10, 2): 12
(9, 3): 12
(8, 4): 12
    (7, 5): 4
    (6, 6): 0

(13, 0): 13
(12, 1): 13
(11, 2): 13
(10, 3): 13
(9, 4): 13
(8, 5): 13
    (7, 6): 1

(14, 0): 14
(13, 1): 14
(12, 2): 14
(11, 3): 14
(10, 4): 14
(9, 5): 14
    (8, 6): 5
    (7, 7): 0

(15, 0): 15
(14, 1): 15
(13, 2): 15
(12, 3): 15
(11, 4): 15
(10, 5): 15
(9, 6): 15
    (8, 7): 2

(16, 0): 16
(15, 1): 16
(14, 2): 16
(13, 3): 16
(12, 4): 16
(11, 5): 16
(10, 6): 16
    (9, 7): 3
    (8, 8): 0

(17, 0): 17
(16, 1): 17
(15, 2): 17
(14, 3): 17
(13, 4): 17
(12, 5): 17
(11, 6): 17
    (10, 7): 6
    (9, 8): 1

(18, 0): 18
(17, 1): 18
(16, 2): 18
(15, 3): 18
(14, 4): 18
(13, 5): 18
(12, 6): 18
(11, 7): 18
    (10, 8): 4
    (9, 9): 0

(19, 0): 19
(18, 1): 19
(17, 2): 19
(16, 3): 19
(15, 4): 19
(14, 5): 19
(13, 6): 19
(12, 7): 19
    (11, 8): 7
    (10, 9): 2

(20, 0): 20
(19, 1): 20
(18, 2): 20
(17, 3): 20
(16, 4): 20
(15, 5): 20
(14, 6): 20
(13, 7): 20
(12, 8): 20
    (11, 9): 5
    (10, 10): 0

(21, 0): 21
(20, 1): 21
(19, 2): 21
(18, 3): 21
(17, 4): 21
(16, 5): 21
(15, 6): 21
(14, 7): 21
(13, 8): 21
    (12, 9): 8
    (11, 10): 1

(22, 0): 22
(21, 1): 22
(20, 2): 22
(19, 3): 22
(18, 4): 22
(17, 5): 22
(16, 6): 22
(15, 7): 22
(14, 8): 22
(13, 9): 22
    (12, 10): 3
    (11, 11): 0

(23, 0): 23
(22, 1): 23
(21, 2): 23
(20, 3): 23
(19, 4): 23
(18, 5): 23
(17, 6): 23
(16, 7): 23
(15, 8): 23
(14, 9): 23
    (13, 10): 9
    (12, 11): 2

(24, 0): 24
(23, 1): 24
(22, 2): 24
(21, 3): 24
(20, 4): 24
(19, 5): 24
(18, 6): 24
(17, 7): 24
(16, 8): 24
(15, 9): 24
(14, 10): 24
    (13, 11): 4
    (12, 12): 0

(25, 0): 25
(24, 1): 25
(23, 2): 25
(22, 3): 25
(21, 4): 25
(20, 5): 25
(19, 6): 25
(18, 7): 25
(17, 8): 25
(16, 9): 25
(15, 10): 25
    (14, 11): 6
    (13, 12): 1

(26, 0): 26
(25, 1): 26
(24, 2): 26
(23, 3): 26
(22, 4): 26
(21, 5): 26
(20, 6): 26
(19, 7): 26
(18, 8): 26
(17, 9): 26
(16, 10): 26
    (15, 11): 10
    (14, 12): 5
    (13, 13): 0

(27, 0): 27
(26, 1): 27
(25, 2): 27
(24, 3): 27
(23, 4): 27
(22, 5): 27
(21, 6): 27
(20, 7): 27
(19, 8): 27
(18, 9): 27
(17, 10): 27
(16, 11): 27
    (15, 12): 7
    (14, 13): 2

(28, 0): 28
(27, 1): 28
(26, 2): 28
(25, 3): 28
(24, 4): 28
(23, 5): 28
(22, 6): 28
(21, 7): 28
(20, 8): 28
(19, 9): 28
(18, 10): 28
(17, 11): 28
    (16, 12): 11
    (15, 13): 3
    (14, 14): 0

(29, 0): 29
(28, 1): 29
(27, 2): 29
(26, 3): 29
(25, 4): 29
(24, 5): 29
(23, 6): 29
(22, 7): 29
(21, 8): 29
(20, 9): 29
(19, 10): 29
(18, 11): 29
(17, 12): 29
    (16, 13): 8
    (15, 14): 1

(30, 0): 30
(29, 1): 30
(28, 2): 30
(27, 3): 30
(26, 4): 30
(25, 5): 30
(24, 6): 30
(23, 7): 30
(22, 8): 30
(21, 9): 30
(20, 10): 30
(19, 11): 30
(18, 12): 30
    (17, 13): 12
    (16, 14): 4
    (15, 15): 0

(31, 0): 31
(30, 1): 31
(29, 2): 31
(28, 3): 31
(27, 4): 31
(26, 5): 31
(25, 6): 31
(24, 7): 31
(23, 8): 31
(22, 9): 31
(21, 10): 31
(20, 11): 31
(19, 12): 31
(18, 13): 31
    (17, 14): 9
    (16, 15): 2

(32, 0): 32
(31, 1): 32
(30, 2): 32
(29, 3): 32
(28, 4): 32
(27, 5): 32
(26, 6): 32
(25, 7): 32
(24, 8): 32
(23, 9): 32
(22, 10): 32
(21, 11): 32
(20, 12): 32
(19, 13): 32
    (18, 14): 13
    (17, 15): 5
    (16, 16): 0

(33, 0): 33
(32, 1): 33
(31, 2): 33
(30, 3): 33
(29, 4): 33
(28, 5): 33
(27, 6): 33
(26, 7): 33
(25, 8): 33
(24, 9): 33
(23, 10): 33
(22, 11): 33
(21, 12): 33
(20, 13): 33
(19, 14): 33
    (18, 15): 6
    (17, 16): 1

(34, 0): 34
(33, 1): 34
(32, 2): 34
(31, 3): 34
(30, 4): 34
(29, 5): 34
(28, 6): 34
(27, 7): 34
(26, 8): 34
(25, 9): 34
(24, 10): 34
(23, 11): 34
(22, 12): 34
(21, 13): 34
(20, 14): 34
    (19, 15): 14
    (18, 16): 3
    (17, 17): 0

(35, 0): 35
(34, 1): 35
(33, 2): 35
(32, 3): 35
(31, 4): 35
(30, 5): 35
(29, 6): 35
(28, 7): 35
(27, 8): 35
(26, 9): 35
(25, 10): 35
(24, 11): 35
(23, 12): 35
(22, 13): 35
(21, 14): 35
(20, 15): 35
    (19, 16): 7
    (18, 17): 2

(36, 0): 36
(35, 1): 36
(34, 2): 36
(33, 3): 36
(32, 4): 36
(31, 5): 36
(30, 6): 36
(29, 7): 36
(28, 8): 36
(27, 9): 36
(26, 10): 36
(25, 11): 36
(24, 12): 36
(23, 13): 36
(22, 14): 36
(21, 15): 36
    (20, 16): 10
    (19, 17): 4
    (18, 18): 0

(37, 0): 37
(36, 1): 37
(35, 2): 37
(34, 3): 37
(33, 4): 37
(32, 5): 37
(31, 6): 37
(30, 7): 37
(29, 8): 37
(28, 9): 37
(27, 10): 37
(26, 11): 37
(25, 12): 37
(24, 13): 37
(23, 14): 37
(22, 15): 37
    (21, 16): 15
    (20, 17): 8
    (19, 18): 1

(38, 0): 38
(37, 1): 38
(36, 2): 38
(35, 3): 38
(34, 4): 38
(33, 5): 38
(32, 6): 38
(31, 7): 38
(30, 8): 38
(29, 9): 38
(28, 10): 38
(27, 11): 38
(26, 12): 38
(25, 13): 38
(24, 14): 38
(23, 15): 38
(22, 16): 38
    (21, 17): 11
    (20, 18): 5
    (19, 19): 0

(39, 0): 39
(38, 1): 39
(37, 2): 39
(36, 3): 39
(35, 4): 39
(34, 5): 39
(33, 6): 39
(32, 7): 39
(31, 8): 39
(30, 9): 39
(29, 10): 39
(28, 11): 39
(27, 12): 39
(26, 13): 39
(25, 14): 39
(24, 15): 39
(23, 16): 39
    (22, 17): 16
    (21, 18): 9
    (20, 19): 2

(40, 0): 40
(39, 1): 40
(38, 2): 40
(37, 3): 40
(36, 4): 40
(35, 5): 40
(34, 6): 40
(33, 7): 40
(32, 8): 40
(31, 9): 40
(30, 10): 40
(29, 11): 40
(28, 12): 40
(27, 13): 40
(26, 14): 40
(25, 15): 40
(24, 16): 40
(23, 17): 40
    (22, 18): 12
    (21, 19): 3
    (20, 20): 0

(41, 0): 41
(40, 1): 41
(39, 2): 41
(38, 3): 41
(37, 4): 41
(36, 5): 41
(35, 6): 41
(34, 7): 41
(33, 8): 41
(32, 9): 41
(31, 10): 41
(30, 11): 41
(29, 12): 41
(28, 13): 41
(27, 14): 41
(26, 15): 41
(25, 16): 41
(24, 17): 41
    (23, 18): 17
    (22, 19): 6
    (21, 20): 1

(42, 0): 42
(41, 1): 42
(40, 2): 42
(39, 3): 42
(38, 4): 42
(37, 5): 42
(36, 6): 42
(35, 7): 42
(34, 8): 42
(33, 9): 42
(32, 10): 42
(31, 11): 42
(30, 12): 42
(29, 13): 42
(28, 14): 42
(27, 15): 42
(26, 16): 42
(25, 17): 42
(24, 18): 42
    (23, 19): 13
    (22, 20): 4
    (21, 21): 0

(43, 0): 43
(42, 1): 43
(41, 2): 43
(40, 3): 43
(39, 4): 43
(38, 5): 43
(37, 6): 43
(36, 7): 43
(35, 8): 43
(34, 9): 43
(33, 10): 43
(32, 11): 43
(31, 12): 43
(30, 13): 43
(29, 14): 43
(28, 15): 43
(27, 16): 43
(26, 17): 43
(25, 18): 43
    (24, 19): 18
    (23, 20): 7
    (22, 21): 2

(44, 0): 44
(43, 1): 44
(42, 2): 44
(41, 3): 44
(40, 4): 44
(39, 5): 44
(38, 6): 44
(37, 7): 44
(36, 8): 44
(35, 9): 44
(34, 10): 44
(33, 11): 44
(32, 12): 44
(31, 13): 44
(30, 14): 44
(29, 15): 44
(28, 16): 44
(27, 17): 44
(26, 18): 44
(25, 19): 44
    (24, 20): 14
    (23, 21): 5
    (22, 22): 0

(45, 0): 45
(44, 1): 45
(43, 2): 45
(42, 3): 45
(41, 4): 45
(40, 5): 45
(39, 6): 45
(38, 7): 45
(37, 8): 45
(36, 9): 45
(35, 10): 45
(34, 11): 45
(33, 12): 45
(32, 13): 45
(31, 14): 45
(30, 15): 45
(29, 16): 45
(28, 17): 45
(27, 18): 45
(26, 19): 45
    (25, 20): 19
    (24, 21): 8
    (23, 22): 1

(46, 0): 46
(45, 1): 46
(44, 2): 46
(43, 3): 46
(42, 4): 46
(41, 5): 46
(40, 6): 46
(39, 7): 46
(38, 8): 46
(37, 9): 46
(36, 10): 46
(35, 11): 46
(34, 12): 46
(33, 13): 46
(32, 14): 46
(31, 15): 46
(30, 16): 46
(29, 17): 46
(28, 18): 46
(27, 19): 46
(26, 20): 46
(25, 21): 10
(24, 22): 3
(23, 23): 0

(47, 0): 47
(46, 1): 47
(45, 2): 47
(44, 3): 47
(43, 4): 47
(42, 5): 47
(41, 6): 47
(40, 7): 47
(39, 8): 47
(38, 9): 47
(37, 10): 47
(36, 11): 47
(35, 12): 47
(34, 13): 47
(33, 14): 47
(32, 15): 47
(31, 16): 47
(30, 17): 47
(29, 18): 47
(28, 19): 47
(27, 20): 47
    (26, 21): 20
    (25, 22): 9
    (24, 23): 2

(48, 0): 48
(47, 1): 48
(46, 2): 48
(45, 3): 48
(44, 4): 48
(43, 5): 48
(42, 6): 48
(41, 7): 48
(40, 8): 48
(39, 9): 48
(38, 10): 48
(37, 11): 48
(36, 12): 48
(35, 13): 48
(34, 14): 48
(33, 15): 48
(32, 16): 48
(31, 17): 48
(30, 18): 48
(29, 19): 48
(28, 20): 48
(27, 21): 48
    (26, 22): 11
    (25, 23): 4
    (24, 24): 0

(49, 0): 49
(48, 1): 49
(47, 2): 49
(46, 3): 49
(45, 4): 49
(44, 5): 49
(43, 6): 49
(42, 7): 49
(41, 8): 49
(40, 9): 49
(39, 10): 49
(38, 11): 49
(37, 12): 49
(36, 13): 49
(35, 14): 49
(34, 15): 49
(33, 16): 49
(32, 17): 49
(31, 18): 49
(30, 19): 49
(29, 20): 49
(28, 21): 49
    (27, 22): 15
    (26, 23): 6
    (25, 24): 1

(50, 0): 50
(49, 1): 50
(48, 2): 50
(47, 3): 50
(46, 4): 50
(45, 5): 50
(44, 6): 50
(43, 7): 50
(42, 8): 50
(41, 9): 50
(40, 10): 50
(39, 11): 50
(38, 12): 50
(37, 13): 50
(36, 14): 50
(35, 15): 50
(34, 16): 50
(33, 17): 50
(32, 18): 50
(31, 19): 50
(30, 20): 50
(29, 21): 50
    (28, 22): 21
    (27, 23): 12
    (26, 24): 5
    (25, 25): 0

(51, 0): 51
(50, 1): 51
(49, 2): 51
(48, 3): 51
(47, 4): 51
(46, 5): 51
(45, 6): 51
(44, 7): 51
(43, 8): 51
(42, 9): 51
(41, 10): 51
(40, 11): 51
(39, 12): 51
(38, 13): 51
(37, 14): 51
(36, 15): 51
(35, 16): 51
(34, 17): 51
(33, 18): 51
(32, 19): 51
(31, 20): 51
(30, 21): 51
(29, 22): 51
    (28, 23): 16
    (27, 24): 7
    (26, 25): 2

(52, 0): 52
(51, 1): 52
(50, 2): 52
(49, 3): 52
(48, 4): 52
(47, 5): 52
(46, 6): 52
(45, 7): 52
(44, 8): 52
(43, 9): 52
(42, 10): 52
(41, 11): 52
(40, 12): 52
(39, 13): 52
(38, 14): 52
(37, 15): 52
(36, 16): 52
(35, 17): 52
(34, 18): 52
(33, 19): 52
(32, 20): 52
(31, 21): 52
(30, 22): 52
    (29, 23): 22
    (28, 24): 13
    (27, 25): 3
    (26, 26): 0

(53, 0): 53
(52, 1): 53
(51, 2): 53
(50, 3): 53
(49, 4): 53
(48, 5): 53
(47, 6): 53
(46, 7): 53
(45, 8): 53
(44, 9): 53
(43, 10): 53
(42, 11): 53
(41, 12): 53
(40, 13): 53
(39, 14): 53
(38, 15): 53
(37, 16): 53
(36, 17): 53
(35, 18): 53
(34, 19): 53
(33, 20): 53
(32, 21): 53
(31, 22): 53
(30, 23): 53
(29, 24): 17
(28, 25): 8
(27, 26): 1

(54, 0): 54
(53, 1): 54
(52, 2): 54
(51, 3): 54
(50, 4): 54
(49, 5): 54
(48, 6): 54
(47, 7): 54
(46, 8): 54
(45, 9): 54
(44, 10): 54
(43, 11): 54
(42, 12): 54
(41, 13): 54
(40, 14): 54
(39, 15): 54
(38, 16): 54
(37, 17): 54
(36, 18): 54
(35, 19): 54
(34, 20): 54
(33, 21): 54
(32, 22): 54
(31, 23): 54
(30, 24): 23
(29, 25): 14
(28, 26): 4
(27, 27): 0

(55, 0): 55
(54, 1): 55
(53, 2): 55
(52, 3): 55
(51, 4): 55
(50, 5): 55
(49, 6): 55
(48, 7): 55
(47, 8): 55
(46, 9): 55
(45, 10): 55
(44, 11): 55
(43, 12): 55
(42, 13): 55
(41, 14): 55
(40, 15): 55
(39, 16): 55
(38, 17): 55
(37, 18): 55
(36, 19): 55
(35, 20): 55
(34, 21): 55
(33, 22): 55
(32, 23): 55
(31, 24): 55
(30, 25): 18
(29, 26): 9
(28, 27): 2

(56, 0): 56
(55, 1): 56
(54, 2): 56
(53, 3): 56
(52, 4): 56
(51, 5): 56
(50, 6): 56
(49, 7): 56
(48, 8): 56
(47, 9): 56
(46, 10): 56
(45, 11): 56
(44, 12): 56
(43, 13): 56
(42, 14): 56
(41, 15): 56
(40, 16): 56
(39, 17): 56
(38, 18): 56
(37, 19): 56
(36, 20): 56
(35, 21): 56
(34, 22): 56
(33, 23): 56
(32, 24): 56
(31, 25): 24
(30, 26): 10
(29, 27): 5
(28, 28): 0

(57, 0): 57
(56, 1): 57
(55, 2): 57
(54, 3): 57
(53, 4): 57
(52, 5): 57
(51, 6): 57
(50, 7): 57
(49, 8): 57
(48, 9): 57
(47, 10): 57
(46, 11): 57
(45, 12): 57
(44, 13): 57
(43, 14): 57
(42, 15): 57
(41, 16): 57
(40, 17): 57
(39, 18): 57
(38, 19): 57
(37, 20): 57
(36, 21): 57
(35, 22): 57
(34, 23): 57
(33, 24): 57
(32, 25): 57
(31, 26): 19
(30, 27): 6
(29, 28): 1

(58, 0): 58
(57, 1): 58
(56, 2): 58
(55, 3): 58
(54, 4): 58
(53, 5): 58
(52, 6): 58
(51, 7): 58
(50, 8): 58
(49, 9): 58
(48, 10): 58
(47, 11): 58
(46, 12): 58
(45, 13): 58
(44, 14): 58
(43, 15): 58
(42, 16): 58
(41, 17): 58
(40, 18): 58
(39, 19): 58
(38, 20): 58
(37, 21): 58
(36, 22): 58
(35, 23): 58
(34, 24): 58
(33, 25): 58
(32, 26): 25
(31, 27): 11
(30, 28): 3
(29, 29): 0

(59, 0): 59
(58, 1): 59
(57, 2): 59
(56, 3): 59
(55, 4): 59
(54, 5): 59
(53, 6): 59
(52, 7): 59
(51, 8): 59
(50, 9): 59
(49, 10): 59
(48, 11): 59
(47, 12): 59
(46, 13): 59
(45, 14): 59
(44, 15): 59
(43, 16): 59
(42, 17): 59
(41, 18): 59
(40, 19): 59
(39, 20): 59
(38, 21): 59
(37, 22): 59
(36, 23): 59
(35, 24): 59
(34, 25): 59
(33, 26): 59
(32, 27): 20
(31, 28): 7
(30, 29): 2

(60, 0): 60
(59, 1): 60
(58, 2): 60
(57, 3): 60
(56, 4): 60
(55, 5): 60
(54, 6): 60
(53, 7): 60
(52, 8): 60
(51, 9): 60
(50, 10): 60
(49, 11): 60
(48, 12): 60
(47, 13): 60
(46, 14): 60
(45, 15): 60
(44, 16): 60
(43, 17): 60
(42, 18): 60
(41, 19): 60
(40, 20): 60
(39, 21): 60
(38, 22): 60
(37, 23): 60
(36, 24): 60
(35, 25): 60
(34, 26): 60
(33, 27): 26
(32, 28): 12
(31, 29): 4
(30, 30): 0

(61, 0): 61
(60, 1): 61
(59, 2): 61
(58, 3): 61
(57, 4): 61
(56, 5): 61
(55, 6): 61
(54, 7): 61
(53, 8): 61
(52, 9): 61
(51, 10): 61
(50, 11): 61
(49, 12): 61
(48, 13): 61
(47, 14): 61
(46, 15): 61
(45, 16): 61
(44, 17): 61
(43, 18): 61
(42, 19): 61
(41, 20): 61
(40, 21): 61
(39, 22): 61
(38, 23): 61
(37, 24): 61
(36, 25): 61
(35, 26): 61
(34, 27): 61
(33, 28): 15
(32, 29): 8
(31, 30): 1

(62, 0): 62
(61, 1): 62
(60, 2): 62
(59, 3): 62
(58, 4): 62
(57, 5): 62
(56, 6): 62
(55, 7): 62
(54, 8): 62
(53, 9): 62
(52, 10): 62
(51, 11): 62
(50, 12): 62
(49, 13): 62
(48, 14): 62
(47, 15): 62
(46, 16): 62
(45, 17): 62
(44, 18): 62
(43, 19): 62
(42, 20): 62
(41, 21): 62
(40, 22): 62
(39, 23): 62
(38, 24): 62
(37, 25): 62
(36, 26): 62
(35, 27): 62
(34, 28): 27
(33, 29): 13
(32, 30): 5
(31, 31): 0

(63, 0): 63
(62, 1): 63
(61, 2): 63
(60, 3): 63
(59, 4): 63
(58, 5): 63
(57, 6): 63
(56, 7): 63
(55, 8): 63
(54, 9): 63
(53, 10): 63
(52, 11): 63
(51, 12): 63
(50, 13): 63
(49, 14): 63
(48, 15): 63
(47, 16): 63
(46, 17): 63
(45, 18): 63
(44, 19): 63
(43, 20): 63
(42, 21): 63
(41, 22): 63
(40, 23): 63
(39, 24): 63
(38, 25): 63
(37, 26): 63
(36, 27): 63
(35, 28): 63
(34, 29): 16
(33, 30): 9
(32, 31): 2

(64, 0): 64
